63 2018 70 2018 61 2018 75 2018 78 2018 90 2018 82 2018 90
59 2018 69 2018 65 2018 80 2018 78 2018 90 2018 79 2018 82
61 2018 70 2018 69 2018 79 2018 80 2018 92 2018 79 2018 80
62 2018 66 2018 90 2018 77 2018 82 2018 90 2018 76 2018 79
72 2018 68 2018 86 2018 73 2018 88 2018 89 2018 77 2018 77
78 2018 70 2018 83 2018 74 2018 108 2018 93 2018 76 2018 77
72 2018 72 2018 76 2018 77 2018 104 2018 96 2018 82 2018 78
73 2018 75 2018 76 2018 81 2018 98 2018 98 2018 84 2018 77
72 2018 95 2018 75 2018 82 2018 96 2018 97 2018 89 2018 77
62 2018 88 2018 76 2018 80 2018 91 2018 93 2018 84 2018 73
69 2018 80 2018 65 2018 81 2018 90 2018 90 2018 82 2018 75
72 2018 70 2018 66 2018 84 2018 88 2018 88 2018 81 2018 81
70 2018 79 2018 70 2018 80 2018 83 2018 86 2018 85 2018 71
65 2018 87 2018 72 2018 88 2018 84 2018 84 2018 92 2018 73
67 2018 79 2018 71 2018 82 2018 87 2018 86 2018 86 2018 82
63 2018 65 2018 75 2018 75 2018 84 2018 86 2018 87 2018 83
62 2018 71 2018 74 2018 70 2018 81 2018 87 2018 87 2018 83
64 2018 72 2018 70 2018 72 2018 83 2018 85 2018 85 2018 85
74 2018 63 2018 68 2018 75 2018 86 2018 86 2018 81 2018 89
72 2018 74 2018 70 2018 80 2018 82 2018 86 2018 82 2018 90
65 2018 83 2018 67 2018 78 2018 82 2018 86 2018 80 2018 81
65 2018 79 2018 68 2018 78 2018 88 2018 84 2018 81 2018 76
69 2018 76 2018 69 2018 74 2018 93 2018 84 2018 80 2018 73
65 2018 70 2018 67 2018 77 2018 94 2018 84 2018 79 2018 79
64 2018 70 2018 69 2018 79 2018 90 2018 81 2018 73 2018 79
72 2018 71 2018 72 2018 78 2018 88 2018 82 2018 80 2018 84
77 2018 70 2018 74 2018 80 2018 84 2018 81 2018 80 2018 84
76 2018 70 2018 73 2018 79 2018 86 2018 81 2018 82 2018 81
74 2018 69 2018 72 2018 79 2018 96 2018 85 2018 81 2018 74
76 2018 68 2018 70 2018 80 2018 87 2018 87 2018 85 2018 74
70 2018 - - 72 2018 - - 88 2018 85 2018 - - 80
